ampl: solve;
Cannot find "cplex"
ampl: solve;
Cannot find "cplex"
ampl: option solver gurobi;
ampl: solve;
Gurobi 7.5.0: optimal solution; objective 41195000
75 simplex iterations
ampl: displa Suma_Costos;

syntax error
context:  displa  >>> Suma_Costos; <<< 
ampl: display Suma_Costos;
Suma_Costos = 41195000

ampl: display x;
x [*] :=
 1    0    5 8500    9 6000   13 6000   17 8500   21 5000   25 8500   29 8500
 2 4000    6 5500   10 8500   14 5000   18 8500   22 3000   26 8500   30    0
 3 8500    7 5000   11 8500   15 3000   19 8500   23 6500   27 5500
 4 8500    8 3000   12 8500   16 6000   20 6000   24 8500   28 5000
;

display y;
y [*] :=
 1 2000    5 9000    9 6000   13 6000   17 8500   21 5000   25 8000   29 6500
 2 4000    6 5500   10 8500   14 5000   18 8500   22 3000   26 9000   30    0
 3 8500    7 5000   11 8500   15 3000   19 8500   23 6500   27 5500
 4 8000    8 3000   12 8500   16 6000   20 6000   24 8500   28 5000
;

display z;
z [*] :=
 1  3000    6 12000   11  8000   16  2000   21  5000   26 12500
 2  1500    7  5000   12 12500   17  3000   22  3000   27 12000
 3  3000    8  3000   13 12000   18  8000   23  2000   28  5000
 4  8000    9  2000   14  5000   19 12500   24  3000   29  3500
 5 12500   10  3000   15  3000   20 12000   25  8000   30  1500
;

display I_fab;
I_fab [*] :=
 1 2000    5  500    9    0   13    0   17    0   21    0   25    0   29    0
 2    0    6    0   10    0   14    0   18    0   22    0   26  500   30 2000
 3    0    7    0   11    0   15    0   19    0   23    0   27    0
 4    0    8    0   12    0   16    0   20    0   24    0   28    0
;

display I_may;
I_may [*] :=
 1  3000    6  6500   11  9500   16     0   21     0   26 10000
 2  2000    7     0   12 10000   17  4000   22     0   27  6500
 3  4500    8     0   13  6000   18  9500   23     0   28     0
 4 10000    9     0   14     0   19 10000   24  4500   29     0
 5 10000   10  4000   15     0   20  6000   25 10000   30  3000
;

ampl: display I_dist;display I_dist;
